0  0.020642  0
5  0.000138  5
10  0.000118  55
15  0.000127  610
20  0.000124  6765
25  0.000138  75025
30  0.000144  832040
35  0.000162  9227465
40  0.00017  102334155
45  0.00018  1134903170
50  0.000192  12586269025
55  0.000206  139583862445
60  0.000228  1548008755920
65  0.000241  17167680177565
70  0.000246  190392490709135
75  0.00026  2111485077978050
80  0.000273  23416728348467685
85  0.000406  259695496911122585
90  0.000292  2880067194370816120
95  0.000306  13493690561280548289
100  0.000317  3736710778780434371