0  9.5e-05  0
5  9.8e-05  5
10  0.000108  55
15  0.000123  610
20  0.000145  6765
25  0.000164  75025
30  0.000189  832040
35  0.000208  9227465
40  0.00023  102334155
45  0.000249  1134903170
50  0.000278  12586269025
55  0.000294  139583862445
60  0.000314  1548008755920
65  0.000338  17167680177565
70  0.000352  190392490709135
75  0.000371  2111485077978050
80  0.000397  23416728348467685
85  0.000436  259695496911122585
90  0.000445  2880067194370816120
95  0.000475  13493690561280548289
100  0.000478  3736710778780434371